data/Positive/1673007175.1249619.jpg 2 66 204 221 221 477 215 215 214
data/Positive/1673007249.7834759.jpg 2 59 217 130 146 335 208 121 154
data/Positive/1673007257.5510747.jpg 1 478 189 137 210
data/Positive/1673007283.4887419.jpg 2 444 227 78 102 266 223 73 103
data/Positive/1673007286.3934839.jpg 2 401 246 66 86 570 243 65 86
data/Positive/1673007292.0850213.jpg 1 348 276 48 49
data/Positive/1673007298.6519568.jpg 3 566 264 62 75 399 272 57 79 59 290 100 99
data/Positive/1673007301.2449467.jpg 1 310 258 68 86
data/Positive/1673007306.760581.jpg 1 338 210 156 220
data/Positive/1673007312.9169607.jpg 2 299 156 348 437 704 179 42 41
data/Positive/1673007320.661371.jpg 1 268 202 313 353
data/Positive/1673007360.2806077.jpg 2 475 256 55 78 392 257 54 80
data/Positive/1673007362.978108.jpg 1 391 274 69 68
data/Positive/1673007365.490586.jpg 1 279 269 64 84
data/Positive/1673007398.4872308.jpg 4 157 6 54 63 252 122 42 70 19 272 72 103 540 455 103 114
data/Positive/1673007404.04765.jpg 1 335 238 25 40
data/Positive/1673007408.2343197.jpg 4 603 367 110 93 123 242 66 89 27 117 52 81 2 1 39 53
data/Positive/1673007413.4077585.jpg 1 293 302 171 147
data/Positive/1673007414.7235758.jpg 2 424 186 57 92 327 365 88 123
data/Positive/1673007419.8496692.jpg 2 365 206 127 171 308 190 50 58
data/Positive/1673007423.1219413.jpg 1 275 233 221 232
data/Positive/1673007425.0622094.jpg 2 493 263 180 227 314 123 97 137
data/Positive/1673007427.6349843.jpg 2 399 171 93 113 223 342 152 182
data/Positive/1673007434.489683.jpg 2 297 238 64 74 427 240 63 69
data/Positive/1673007439.290767.jpg 1 422 246 44 62
data/Positive/1673007470.4401517.jpg 2 325 269 93 122 489 248 135 148
data/Positive/1673007481.0881996.jpg 1 299 167 102 91
data/Positive/1673007482.1825883.jpg 1 50 155 87 106
data/Positive/1673007485.368908.jpg 2 303 192 124 165 634 183 154 181
data/Positive/1673007492.2436411.jpg 2 299 248 94 96 39 241 81 89
data/Positive/1673007494.8323584.jpg 1 347 227 87 123
data/Positive/1673007755.6745043.jpg 1 277 7 517 589
data/Positive/1673007757.7907085.jpg 1 2 112 403 485
data/Positive/1673007763.3880396.jpg 1 69 148 241 310
data/Positive/1673007765.582742.jpg 1 171 369 371 230
data/Positive/1673007766.8916707.jpg 1 420 1 359 335
data/Positive/1673007773.578734.jpg 1 438 280 201 212
data/Positive/1673007774.4288435.jpg 1 3 5 125 388
data/Positive/1673007776.9241912.jpg 1 331 374 187 217
data/Positive/1673007780.0881.jpg 1 424 4 125 200
data/Positive/1673007783.523823.jpg 1 205 207 315 363
data/Positive/1673007785.4385502.jpg 1 81 26 576 523
data/Positive/1673007787.1792367.jpg 1 128 38 384 488
data/Positive/1673007790.3835814.jpg 2 357 217 138 182 717 114 48 53
data/Positive/1673007794.1194706.jpg 1 326 219 143 167
data/Positive/1673007795.6874576.jpg 1 259 169 175 229
data/Positive/1673007800.1904461.jpg 1 477 178 280 344
data/Positive/1673007801.209205.jpg 2 406 294 126 157 278 291 57 103
data/Positive/1673007804.3186536.jpg 1 113 188 396 407
data/Positive/1673007805.6660252.jpg 2 343 338 140 165 708 412 69 86
data/Positive/1673007814.0567753.jpg 1 38 197 540 397
data/Positive/1673007816.304554.jpg 1 96 97 643 492
data/Positive/1673007818.790009.jpg 1 365 282 83 86
data/Positive/1673007823.4580808.jpg 1 337 255 107 101
data/Positive/1673007824.4725592.jpg 1 366 289 107 103
data/Positive/1673007830.3563888.jpg 1 349 210 139 130
data/Positive/1673007835.0869286.jpg 1 520 81 181 241
data/Positive/1673007837.5878556.jpg 2 183 290 168 179 596 249 195 198
data/Positive/1673007881.2389324.jpg 1 3 4 382 589
data/Positive/1673007930.7953117.jpg 2 306 240 136 199 121 271 116 157
data/Positive/1673007932.7123702.jpg 2 334 274 115 152 530 263 126 172
data/Positive/1673007934.372346.jpg 2 423 268 120 160 226 282 116 150
data/Positive/1673007936.2726882.jpg 2 356 253 89 116 245 265 85 105
data/Positive/1673007938.2164102.jpg 1 365 276 69 84
data/Positive/1673007940.9141839.jpg 1 371 250 65 88
data/Positive/1673007941.6466622.jpg 2 371 226 105 141 63 2 101 85
data/Positive/1673007945.2541113.jpg 1 317 257 134 197
data/Positive/1673007949.1148283.jpg 2 325 262 116 134 617 259 105 130
data/Positive/1673007950.505191.jpg 1 352 272 95 129
data/Positive/1673007953.4018104.jpg 1 350 274 114 136
data/Positive/1673007956.4032989.jpg 1 168 276 125 185
data/Positive/1673007960.3660367.jpg 2 281 258 117 108 671 255 60 121
data/Positive/1673007962.6761098.jpg 1 256 268 124 142
data/Positive/1673007964.491532.jpg 2 316 271 121 132 449 322 187 208
data/Positive/1673007966.3102906.jpg 1 344 260 176 222
data/Positive/1673008032.3534954.jpg 1 291 250 218 278
data/Positive/1673008036.330674.jpg 1 389 290 79 103
data/Positive/1673008037.5233703.jpg 1 518 181 92 120
data/Positive/1673008039.193934.jpg 2 301 275 89 116 4 266 75 101
data/Positive/1673008042.5319135.jpg 1 159 254 155 194
data/Positive/1673008044.0133052.jpg 1 354 223 133 109
data/Positive/1673008045.5283754.jpg 1 357 210 135 187
data/Positive/1673008051.6752222.jpg 1 354 250 77 93
data/Positive/1673008055.7227335.jpg 1 355 270 105 130
data/Positive/1673034150.0689418.jpg 2 195 171 168 203 40 217 107 148
data/Positive/1673034151.3010519.jpg 2 257 254 108 166 480 247 203 175
data/Positive/1673034153.1535158.jpg 2 521 230 157 161 122 231 150 183
data/Positive/1673034154.3677483.jpg 2 138 192 192 232 455 218 128 164
data/Positive/1673034156.5679104.jpg 2 385 240 142 173 121 211 181 237
data/Positive/1673034160.217651.jpg 2 210 166 113 115 452 241 123 116
data/Positive/1673034160.7738435.jpg 2 485 171 144 187 132 162 155 178
data/Positive/1673034163.319698.jpg 2 478 283 124 146 150 269 158 179
data/Positive/1673034169.1862335.jpg 1 489 260 85 93
data/Positive/1673034172.6020188.jpg 1 402 232 129 178
data/Positive/1673034174.368108.jpg 1 334 230 86 101
data/Positive/1673034175.4850857.jpg 1 423 236 110 115
data/Positive/1673034176.9366238.jpg 1 190 225 102 98
data/Positive/1673034178.1086466.jpg 1 539 196 91 95
data/Positive/1673034179.4521658.jpg 1 334 225 93 89
data/Positive/1673034180.5365558.jpg 3 300 237 66 85 29 245 80 88 660 273 85 89
data/Positive/1673034181.9354932.jpg 1 394 259 61 77
data/Positive/1673034183.255069.jpg 1 223 245 60 94
data/Positive/1673034184.951647.jpg 2 254 247 60 70 457 244 28 61
data/Positive/1673034185.8352816.jpg 1 44 288 65 85
data/Positive/1673034187.0350063.jpg 2 250 286 71 90 27 272 74 104
data/Positive/1673034188.4016936.jpg 2 509 231 74 103 390 267 112 125
data/Positive/1673034192.651943.jpg 1 188 437 57 126
data/Positive/1673034193.7564662.jpg 1 4 412 77 145
data/Positive/1673034195.489339.jpg 3 468 119 59 80 483 237 56 96 329 434 89 123
data/Positive/1673034197.1214414.jpg 1 376 265 30 39
data/Positive/1673034198.8681571.jpg 1 166 271 79 94
data/Positive/1673034201.2693477.jpg 2 417 72 63 89 326 287 99 134
data/Positive/1673034203.9290502.jpg 2 166 0 56 59 159 498 117 99
data/Positive/1673034205.4179714.jpg 1 217 195 183 236
data/Positive/1673034212.1536531.jpg 1 217 163 144 142
data/Positive/1673034216.1058526.jpg 1 83 349 141 99
data/Positive/1673034217.4347296.jpg 1 323 177 136 164
data/Positive/1673034219.0692554.jpg 1 387 146 184 211
data/Positive/1673034221.1035335.jpg 1 323 365 178 232
data/Positive/1673034222.7520967.jpg 1 227 278 144 196
data/Positive/1673034224.0034637.jpg 1 385 329 86 130
data/Positive/1673034228.3023405.jpg 3 273 125 54 72 513 23 50 60 694 6 50 68
data/Positive/1673034229.119925.jpg 1 288 203 47 66
data/Positive/1673034230.7192886.jpg 1 312 256 97 101
data/Positive/1673034233.5534623.jpg 2 291 249 84 86 465 251 76 80
data/Positive/1673034234.335858.jpg 1 253 348 93 111
data/Positive/1673034235.5870275.jpg 2 364 279 100 141 558 289 93 122
data/Positive/1673034237.9188118.jpg 1 351 251 97 117
data/Positive/1673034239.301962.jpg 2 344 271 80 112 470 274 76 91
data/Positive/1673034242.7354982.jpg 1 196 243 205 246
data/Positive/1673034244.2527966.jpg 1 311 185 105 141
data/Positive/1673034246.086388.jpg 1 388 274 56 51
data/Positive/1673034248.5696511.jpg 1 303 285 116 140
data/Positive/1673034250.7842145.jpg 1 324 259 177 266
data/Positive/1673034252.4067163.jpg 1 317 197 155 197
data/Positive/1673034255.901671.jpg 1 388 279 47 61
data/Positive/1673034260.8854158.jpg 1 454 316 108 96
data/Positive/1673034262.3213308.jpg 2 364 263 60 99 152 300 36 46
data/Positive/1673034266.157607.jpg 2 322 261 197 263 148 40 58 60
data/Positive/1673034272.669909.jpg 1 244 136 57 70
data/Positive/1673034273.5184855.jpg 1 341 97 145 140
data/Positive/1673034274.8697598.jpg 1 305 207 97 148
data/Positive/1673034275.8704264.jpg 2 170 50 41 64 117 30 314 385
data/Positive/1673034283.921273.jpg 1 352 289 55 64
data/Positive/1673034286.1192262.jpg 1 317 238 102 101
data/Positive/1673034287.2193837.jpg 1 414 215 100 96
data/Positive/1673034288.0358186.jpg 1 427 234 103 97
data/Positive/1673034299.0859616.jpg 1 383 246 60 108
data/Positive/1673034305.702937.jpg 1 371 274 29 50
data/Positive/1673034306.403466.jpg 1 348 230 83 121
data/Positive/1673034307.0534906.jpg 1 351 209 98 136
data/Positive/1673034307.6203752.jpg 1 352 225 79 120
data/Positive/1673034311.4880269.jpg 1 380 292 37 48
data/Positive/1673034312.2919204.jpg 2 372 290 55 76 182 209 44 55
data/Positive/1673034314.1877768.jpg 3 357 270 101 128 1 260 62 108 725 265 60 132
data/Positive/1673034315.70339.jpg 2 362 273 76 103 663 286 85 98
data/Positive/1673034321.0365493.jpg 2 102 296 111 135 574 405 74 87
data/Positive/1673034324.1895492.jpg 1 194 430 103 135
data/Positive/1673034327.7865837.jpg 1 522 359 95 160
data/Positive/1673106661.2233956.jpg 2 301 204 188 185 31 224 131 147
data/Positive/1673106663.008588.jpg 2 321 252 135 167 671 238 125 150
data/Positive/1673106668.8066537.jpg 1 343 344 107 139
data/Positive/1673106670.9406927.jpg 2 390 284 35 42 517 256 41 36
data/Positive/1673106672.8086927.jpg 3 367 268 51 51 221 256 43 40 534 284 41 49
data/Positive/1673106674.9996238.jpg 2 362 284 78 82 535 286 66 79
data/Positive/1673106677.7733433.jpg 2 353 241 106 111 129 237 107 125
data/Positive/1673106679.0240402.jpg 2 327 247 85 107 541 253 100 103
data/Positive/1673106681.4584417.jpg 1 334 292 77 95
data/Positive/1673106687.1223726.jpg 2 366 266 52 44 222 182 49 44
data/Positive/1673106688.9565587.jpg 1 397 233 111 118
data/Positive/1673106705.8570297.jpg 2 385 280 85 99 301 284 60 83
data/Positive/1673106708.5242932.jpg 2 363 287 69 98 459 285 72 101
data/Positive/1673106709.289588.jpg 2 374 302 68 99 272 306 63 87
data/Positive/1673106710.8234293.jpg 1 305 300 109 126
data/Positive/1673106712.906961.jpg 1 378 281 40 51
data/Positive/1673106713.7733889.jpg 1 373 283 49 68
data/Positive/1673106716.3060164.jpg 1 369 268 66 74
data/Positive/1673106718.6397452.jpg 1 369 272 41 53
data/Positive/1673106721.1568182.jpg 1 378 280 37 47
data/Positive/1673106723.7391913.jpg 1 381 281 32 40
data/Positive/1673106726.6231062.jpg 2 387 274 78 93 175 270 67 85
data/Positive/1673106732.4560032.jpg 2 275 344 112 124 78 317 79 116
data/Positive/1673106733.5272758.jpg 2 413 341 53 63 360 307 38 53
data/Positive/1673106736.9724944.jpg 1 358 416 82 83
data/Positive/1673106738.839898.jpg 1 379 284 37 38
data/Positive/1673106740.9899092.jpg 2 399 274 47 47 223 273 48 59
data/Positive/1673106745.6232135.jpg 2 269 336 69 85 45 528 100 71
data/Positive/1673106747.339956.jpg 1 215 131 32 39
data/Positive/1673106753.3406491.jpg 1 384 290 49 65
data/Positive/1673106755.5728397.jpg 2 285 256 77 91 114 109 65 72
data/Positive/1673106757.390456.jpg 1 372 66 28 37
data/Positive/1673106758.823487.jpg 2 361 261 44 64 103 117 35 41
data/Positive/1673106759.9234781.jpg 2 307 175 28 36 363 259 51 61
data/Positive/1673106762.943237.jpg 2 365 259 62 91 664 86 47 73
data/Positive/1673106764.2264812.jpg 1 325 252 96 130
data/Positive/1673106765.4741971.jpg 2 360 249 62 74 88 60 40 41
data/Positive/1673106768.8246994.jpg 2 333 252 76 79 75 32 40 38
data/Positive/1673106771.0899491.jpg 1 397 237 66 90
data/Positive/1673106772.5571935.jpg 2 362 285 42 62 388 202 27 37
data/Positive/1673106773.8571532.jpg 2 378 289 34 36 391 369 52 63
data/Positive/1673106778.02411.jpg 1 393 231 64 65
data/Positive/1673106779.3406425.jpg 2 342 290 73 73 241 198 45 56
data/Positive/1673106781.8077376.jpg 1 365 283 43 47
data/Positive/1673106801.8747056.jpg 1 458 261 60 85
data/Positive/1673106803.7404995.jpg 1 383 264 56 84
data/Positive/1673106805.0436988.jpg 1 385 290 33 42
data/Positive/1673106807.4233093.jpg 1 373 288 37 38
data/Positive/1673106809.6746142.jpg 1 385 292 44 54
data/Positive/1673106812.4401464.jpg 2 367 299 78 81 260 279 49 46
data/Positive/1673106813.2737322.jpg 2 404 264 45 59 614 347 107 137
data/Positive/1673106816.2898095.jpg 1 365 314 54 71
data/Positive/1673106817.3069043.jpg 1 382 276 50 61
data/Positive/1673106818.657245.jpg 2 365 298 52 68 489 303 52 64
data/Positive/1673106819.37785.jpg 2 380 318 59 71 242 319 60 75
data/Positive/1673106821.457157.jpg 1 368 274 53 61
data/Positive/1673106822.907647.jpg 2 318 308 86 68 576 315 40 53
data/Positive/1673106823.9910336.jpg 1 344 323 41 58
data/Positive/1673106825.980644.jpg 2 384 317 61 84 364 305 36 49
data/Positive/1673106829.141953.jpg 1 301 255 110 162
data/Positive/1673106837.8579464.jpg 2 447 310 60 82 285 311 60 76
data/Positive/1673106841.0908751.jpg 1 366 298 50 73
data/Positive/1673106844.8740838.jpg 1 258 318 85 95
data/Positive/1673106846.389869.jpg 2 383 300 74 82 39 165 176 217
data/Positive/1673106849.3740516.jpg 1 301 400 71 94
data/Positive/1673106850.8107235.jpg 1 353 353 65 78
data/Positive/1673106852.8921027.jpg 3 375 307 60 77 122 298 54 69 589 304 58 74
data/Positive/1673106853.6740851.jpg 2 375 300 31 49 38 300 50 60
data/Positive/1673106874.1082788.jpg 2 479 229 76 114 367 254 67 85
data/Positive/1673106875.0902069.jpg 2 354 222 73 99 242 248 62 81
data/Positive/1673106876.4255974.jpg 1 370 250 81 88
data/Positive/1673106878.0411048.jpg 2 398 258 77 102 296 278 69 85
data/Positive/1673106880.5583193.jpg 2 382 242 111 121 659 230 130 134
data/Positive/1673106881.9915738.jpg 1 362 268 98 117
data/Positive/1673106886.2102835.jpg 1 358 272 80 110
data/Positive/1673106888.4423256.jpg 2 359 281 81 92 150 274 79 103
data/Positive/1673106890.0253458.jpg 2 343 286 75 86 532 279 70 95
data/Positive/1673106892.5576425.jpg 2 367 279 70 88 108 270 70 86
data/Positive/1673106893.690905.jpg 1 332 269 109 120
data/Positive/1673106894.908363.jpg 1 358 274 74 82
data/Positive/1673106896.4912052.jpg 1 333 251 95 110
data/Positive/1673106897.2762916.jpg 1 377 288 93 108
data/Positive/1673106898.7259526.jpg 1 356 240 147 160
data/Positive/1673106900.6765838.jpg 1 343 235 140 187
data/Positive/1673106906.6247854.jpg 1 341 192 144 175
data/Positive/1673106908.059661.jpg 1 370 256 46 56
data/Positive/1673106910.076628.jpg 1 389 223 45 54
data/Positive/1673106911.7418048.jpg 1 340 291 41 47
data/Positive/1673106916.1256154.jpg 2 370 279 40 66 515 359 63 88
data/Positive/1673106917.9916897.jpg 2 400 275 41 52 173 164 34 35
data/Positive/1673106919.6415632.jpg 2 347 250 94 106 375 73 64 81
data/Positive/1673106920.991514.jpg 3 429 142 66 70 65 39 60 67 357 270 74 91
data/Positive/1673106922.9079576.jpg 2 446 158 60 78 356 273 79 87
data/Positive/1673106923.7252812.jpg 2 377 273 48 76 281 57 35 43
data/Positive/1673106925.1584222.jpg 1 366 284 57 74
data/Positive/1673106925.8754914.jpg 2 371 282 65 71 612 526 88 71
data/Positive/1673106927.7081316.jpg 1 306 249 107 117
data/Positive/1673106928.5415394.jpg 1 362 286 84 116
data/Positive/1673106929.924882.jpg 2 312 285 100 112 480 12 65 84
data/Positive/1673106932.341595.jpg 1 396 283 47 74
data/Positive/1673106934.3938346.jpg 2 389 302 39 51 1 165 29 46
data/Positive/1673106936.612327.jpg 2 354 267 68 78 721 166 57 69
data/Positive/1673106938.7753549.jpg 2 346 287 80 89 143 162 71 80
data/Positive/1673106941.9908092.jpg 1 360 312 103 108
data/Positive/1673106942.8094087.jpg 1 328 311 120 109
data/Positive/1673106944.6916094.jpg 1 347 304 129 138
data/Positive/1673106945.8931375.jpg 1 319 301 138 133
data/Positive/1673106947.5917244.jpg 4 565 378 106 137 384 258 56 99 50 243 75 96 19 186 38 73
data/Positive/1673106956.8589385.jpg 1 257 202 31 49
data/Positive/1673106959.0421202.jpg 1 385 281 31 42
data/Positive/1673106960.710267.jpg 2 358 275 81 108 310 167 49 73
data/Positive/1673106963.3440204.jpg 1 337 229 103 123
data/Positive/1673106966.058439.jpg 1 215 64 260 347
